1 process:
136 136 136 136 136 136 136 136 136 136 136 136 136 136 136 136 
Time elapsed: 0.000611
136 136 136 136 136 136 136 136 136 136 136 136 136 136 136 136 
Time elapsed: 0.000664
136 136 136 136 136 136 136 136 136 136 136 136 136 136 136 136 
Time elapsed: 0.000712
136 136 136 136 136 136 136 136 136 136 136 136 136 136 136 136 
Time elapsed: 0.000691
136 136 136 136 136 136 136 136 136 136 136 136 136 136 136 136 
Time elapsed: 0.000669
2 processes:
136 0 136 0 136 0 136 0 136 0 136 0 136 0 136 0 
Time elapsed: 0.000751
136 0 136 0 136 0 136 0 136 0 136 0 136 0 136 0 
Time elapsed: 0.000733
136 0 136 0 136 0 136 0 136 0 136 0 136 0 136 0 
Time elapsed: 0.000818
136 0 136 0 136 0 136 0 136 0 136 0 136 0 136 0 
Time elapsed: 0.000796
136 0 136 0 136 0 136 0 136 0 136 0 136 0 136 0 
Time elapsed: 0.000952
4 processes:
136 0 0 0 136 0 0 0 136 0 0 0 136 0 0 0 
Time elapsed: 0.001284
136 0 0 0 136 0 0 0 136 0 0 0 136 0 0 0 
Time elapsed: 0.001272
136 0 0 0 136 0 0 0 136 0 0 0 136 0 0 0 
Time elapsed: 0.002173
136 0 0 0 136 0 0 0 136 0 0 0 136 0 0 0 
Time elapsed: 0.001731
136 0 0 0 136 0 0 0 136 0 0 0 136 0 0 0 
Time elapsed: 0.001027
8 processes:
136 0 0 0 0 0 0 0 136 0 0 0 0 0 0 0 
Time elapsed: 0.000784
136 0 0 0 0 0 0 0 136 0 0 0 0 0 0 0 
Time elapsed: 0.000690
136 0 0 0 0 0 0 0 136 0 0 0 0 0 0 0 
Time elapsed: 0.000754
136 0 0 0 0 0 0 0 136 0 0 0 0 0 0 0 
Time elapsed: 0.000693
136 0 0 0 0 0 0 0 136 0 0 0 0 0 0 0 
Time elapsed: 0.001845
16 processes:
136 0 0 0 0 0 0 0 0 0 0 0 0 0 0 0 
Time elapsed: 0.467668
136 0 0 0 0 0 0 0 0 0 0 0 0 0 0 0 
Time elapsed: 0.485683
136 0 0 0 0 0 0 0 0 0 0 0 0 0 0 0 
Time elapsed: 0.383381
136 0 0 0 0 0 0 0 0 0 0 0 0 0 0 0 
Time elapsed: 0.422188
136 0 0 0 0 0 0 0 0 0 0 0 0 0 0 0 
Time elapsed: 0.339732
